Median Half-Life (Trading Days) across Indices and Moneyness-Tenor Buckets

                                SSE 50                                   CSI 300                                   CSI 1000
Moneyness           ST            MT            LT            ST            MT            LT            ST            MT            LT
--------------------------------------------------------------------------------------------------------------------------------------
DPW              1.67 (2)      0.76 (3)      0.64 (2)      1.52 (8)     0.99 (15)     1.07 (16)     1.18 (74)     1.26 (54)     1.34 (42)
PW              1.43 (79)     0.85 (46)     1.25 (16)     1.13 (113)    0.98 (138)    1.09 (30)     1.12 (176)    1.02 (146)    0.94 (30)
ATM             1.21 (154)    0.96 (96)     2.13 (14)     1.19 (236)    0.97 (254)    1.19 (44)     1.30 (246)    0.95 (194)    1.29 (28)
CW              1.58 (119)    1.19 (95)     1.62 (12)     1.34 (264)    1.22 (264)    1.31 (58)     1.44 (304)    1.38 (250)    1.30 (48)
DCW             1.20 (10)     1.21 (10)     2.72 (16)     1.31 (17)     1.35 (38)     1.30 (34)     1.27 (68)     1.06 (59)     1.60 (76)
--------------------------------------------------------------------------------------------------------------------------------------
All moneyness   1.39 (364)    1.01 (250)    1.66 (60)     1.27 (638)    1.05 (709)    1.22 (182)    1.28 (868)    1.11 (703)    1.35 (224)
--------------------------------------------------------------------------------------------------------------------------------------
Retention rate             23.3% (674/2896)                         31.6% (1529/4839)                         33.9% (1795/5300)